WITH

base AS (
SELECT
  sf_case.case_number,
  conversation,
  origin
FROM
  `tvlk-cxp-gcp-prod.prod_cx_L2.salesforce_case` sf_case
LEFT JOIN
  `tvlk-cxp-gcp-prod.prod_cx_L3.fact_case_interaction_prompt` mc
ON
  sf_case.case_number = mc.case_number
WHERE
  sf_case.case_number IN (35761936, 35770277, 35764919, 35766199, 35763543, 35769088, 35769605, 35783356, 35776105, 35777146, 35772705, 35774759, 35784150, 35785217, 35772943, 35791234, 35793317, 35806748, 35806685, 35801487, 35807529, 35808934, 35807813, 35826531, 35834410, 35841678, 35836943, 35835572, 35849830, 35856982, 35847875, 35849408, 35857513, 35859625, 35859637, 35865119, 35870155, 35864117, 35863060, 35863190, 35869359, 35868923, 35872844, 35872849, 35875412, 35875451, 35877743, 35878059, 35882370, 35882481, 35882586, 35887691, 35888835, 35883267, 35891205, 35893769, 35894117, 35896115, 35903321, 35896587, 35906318, 35908496, 35917396, 35917862, 35914940, 35915313, 35926211, 35927311, 35930636, 35930305, 35939431, 35944711, 35946650, 35943785, 35960983, 35961911, 35962017, 35960879, 35962694, 35968114, 35968747, 35971732, 35971884, 35974388, 35980195, 35980580, 35978251, 35978997, 35981924, 35982120, 35987950, 35988496, 35997085, 35997130, 35997770, 35989304, 35990231, 35994868, 35995462, 35996674, 36001593, 36005202, 36005236, 36009892, 36005729, 36001769, 36002775, 36003503, 36007150, 36021810, 36016550, 36029452, 36029618, 36029811, 36031738, 36026137, 36026143, 36035768, 36030897, 36032982, 36048981, 36049145, 36054669, 36050392, 36049237, 36050969, 36052857, 36044281, 36044606, 36044842, 36047287, 36060800, 36060949, 36055233, 36055878, 36060442, 36065000, 36065760, 36073839, 36074337, 36073262, 36080273, 36080334, 36080952, 36087432, 36091838, 36098006, 36102520, 36092915, 36092934, 36093208, 36116452, 36112259, 36123113, 36123422, 36126640, 36127443, 36129383, 36129790, 36123850, 36127001, 36150074, 36150166, 36136828, 36136829, 36137294, 36140699, 36141943, 36148930, 36157277, 36157192, 36154767, 36154810, 36156761, 36157356, 36171829, 36162354, 36164099, 36164207, 36164265, 36164578, 36170251, 36172207, 36168936, 36175504, 36172853, 36174854, 36177242, 36178007, 36178281, 36179796, 36181465, 36182013, 36183352, 36192105, 36185795, 36188970, 36192868, 36193473, 36185959, 36192165, 36186996, 36206356, 36200119, 36203655, 36205345, 36205368, 36198415, 36220739, 36212134, 36208263, 36215620, 36211037, 36212217, 36216125, 36217825, 36225264, 36225432, 36225635, 36221196, 36222616, 36232610, 36227979, 36236085, 36243731, 36237514, 36246629, 36251431, 36252871, 36252280, 36254810, 36254855, 36254856, 36254862, 36254869, 36254877, 36250713, 36265291, 36271238, 36268964, 36268666, 36260671, 36280488, 36279758, 36278766, 36281487, 36281483, 36279740, 36279813, 36280992, 36281321, 36285069, 36275205, 36272223, 36272642, 36285939, 36285950, 36285906, 36285606, 36285991, 36285995, 36288926, 36289949, 36293828, 36294193, 36294524, 36294545, 36295334, 36297523, 36309836, 36302640, 36304926, 36317058, 36323334, 36326271, 36315245, 36325692, 36328620, 36340687, 36331979, 36334959, 36350743, 36351022, 36347295, 36358667, 36365706, 36356167, 36368881, 36383105, 36386344, 36376896, 36372251, 36378393, 36402710, 36401246, 36404299, 36404300, 36412944, 36429148, 36449158, 36439471, 36441520, 36440642, 36447857, 36448016, 36449442, 36464560, 36465804, 36473109, 36479678, 36479768, 36481407, 36493669, 36489844, 36506301, 36508147, 36508343, 36499218, 36498781, 36501216, 36503768, 36513735, 36516887, 36518586, 36518629, 36521613, 36523631, 36527524, 36527667, 36540988, 36530606, 36532320, 36532666, 36543188, 36541189, 36554256, 36554758, 36547180, 36553809, 36553951, 36554310, 36544955, 36545731, 36549686, 36551649, 36554344, 36554488, 36566502, 36564392, 36565485, 36567256, 36559056, 36574069, 36574501, 36572850, 36569599, 36577048, 36578426, 36589077, 36593581, 36596822, 36600342, 36593946, 36595669, 36598370, 36604002, 36622298, 36622364, 36622392, 36623715, 36622004, 36625181, 36626116, 36616738, 36619492, 36621609, 36630785, 36634532, 36638635, 36636442, 36634447, 36637603, 36646961, 36643733, 36648100, 36648364, 36654202, 36650758, 36650300, 36653091, 36650092, 36659140, 36665946, 36668501, 36672592, 36675367, 36682755, 36678018, 36675288, 36681371, 36690026, 36699147, 36700234, 36712096, 36706087, 36706597, 36710788, 36713050, 36718357, 36718732, 36720264, 36713208, 36716104, 36713848, 36724793, 36724832, 36730093, 36730276, 36737312, 36738099, 36739405, 36737871, 36736384, 36738307, 36761335, 36756632, 36747966, 36759052, 36755534, 36750546, 36757565, 36758677, 36760619, 36760315, 36762537, 36764227, 36765114, 36771839, 36777836, 36786865, 36787784, 36785149, 36782347, 36779336, 36786960, 36788377, 36789415, 36803337, 36801378, 36797592, 36801778, 36794141, 36796191, 36798781, 36808489, 36814908, 36816035, 36811362, 36819182, 36820329, 36825493, 36837871, 36837898, 36837950, 36837969, 36839255, 36835055, 36839728, 36846588, 36848374, 36851714, 36851727, 36852505, 36853046, 36853229, 36849295, 36854131, 36870551, 36864391, 36864342, 36870461, 36859025, 36861808, 36857167, 36859790, 36860048, 36863983, 36859766, 36870840, 36867190, 36867227, 36873355, 36877458, 36878406, 36879997, 36875619, 36879992, 36876480, 36880558, 36887154, 36897125, 36888067, 36888210, 36892150, 36896465, 36896750, 36897587, 36897872, 36891075, 36903942, 36904705, 36906072, 36906829, 36910506, 36910683, 36903591, 36914478, 36902813, 36908596, 36909628, 36909782, 36910735, 36925229, 36927007, 36919472, 36924702, 36926174, 36927124, 36928534, 36928621, 36933238, 36939136, 36940895, 36930002, 36935204, 36933084, 36935193, 36935405, 36941272, 36944569, 36944698, 36945374, 36943588, 36942912, 36948189, 36950209, 36945616, 36946800, 36949161, 36951541, 36955284, 36956630, 36956712, 36962902, 36965029, 36965128, 36957984, 36958495, 36959439, 36962378, 36965388, 36965434, 36971226, 36981485, 36978659, 36984552, 36989387, 36990312, 36998103, 36995640, 37001349, 36999436, 37007276, 37003563, 37005306, 37014992, 37015288, 37015389, 37025857, 37027027, 37016024, 37020610, 37022022, 37024062, 37025801, 37026058, 37018609, 37018653, 37018720, 37019001, 37019005, 37025152, 37028384, 37032452, 37031454, 37046229, 37049262, 37049982, 37066634, 37069915, 37058476, 37058846, 37063988, 37058500, 37059543, 37071421, 37071455, 37071474, 37080461, 37085523, 37074791, 37080500, 37080121, 37079334, 37080580, 37077085, 37082134, 37091007, 37099094, 37099168, 37100657, 37093989, 37105453, 37107746, 37108252, 37119222, 37115842, 37135996, 37137614, 37150569, 37146064, 37146786, 37146720, 37155930, 37158624, 37167332, 37158969, 37170272, 37170304, 37171909, 37175555, 37180609, 37188305, 37186712, 37187124, 37201996, 37201766, 37203329, 37198902, 37206066, 37202478, 37206546, 37209268, 37214533, 37213980, 37214048, 37217322, 37212961, 37214986, 37217463, 37211195, 37212415, 37212901, 37218569, 37219301, 37219478, 37219538, 37219973, 37224853, 37226771, 37221267, 37227116, 37226011, 37227012, 37230333, 37234359, 37234567, 37247081, 37239551, 37239070, 37239717, 37244696, 37236167, 37236604, 37236738, 37237238, 37237769, 37246262, 37246829, 37242570, 37259866, 37258442, 37258464, 37260227, 37260277, 37264822, 37274543, 37265735, 37269635, 37275978, 37279162, 37289300, 37294218, 37289027, 37292233, 37302055, 37302076, 37311701, 37327225, 37332636, 37343814, 37355131, 37340309, 37344726, 37366459, 37380822, 37373404, 37374864, 37376048, 37376957, 37378644, 37381612, 37382631, 37390313, 37390421, 37389122, 37391912, 37399746, 37399557, 37404366, 37408847, 37406994, 37405224, 37402334, 37415491, 37422512, 37439048, 37434485, 37432485, 37438032, 37442772, 37442572, 37444628, 37444581, 37463357, 37464977, 37476416, 37481024, 37488984, 37489191, 37487486, 37494105, 37488457, 37490286, 37503141, 37498349, 37495630, 37497877, 37504939, 37505178, 37505333, 37512779, 37512645, 37527034, 37516277, 37542112, 37543441, 37530261, 37542665, 37544942, 37553525, 37555110, 37556317, 37557311, 37568551, 37570957, 37560741, 37579110, 37588292, 37576237, 37577983, 37592471, 37595284, 37607157, 37607194, 37626586, 37619023, 37623292, 37626575, 37628570, 37634316, 37641819, 37645497, 37647517, 37652808, 37647266, 37651551, 37656036, 37684649, 37690010, 37689971, 37705761, 37706143, 37711080, 37710207, 37710300, 37711106, 37727168, 37736739, 37736835, 37736917, 37737060, 37740860, 37742643, 37765239, 37779362, 37765106, 37789577, 37788425, 37788773, 37784101, 37785740, 37791367, 37796581, 37799207, 37813680, 37804233, 37804236, 37804251, 37805585, 37817412, 37828412, 37827339, 37827725, 37828440, 37829031, 37829566, 37835797, 37839321, 37865938, 37857012, 37884841, 37885766, 37890724, 37879432, 37891382, 37902534, 37902372, 37920489, 37919614, 37919209, 37922415, 37922973, 37923151, 37931167, 37931229, 37935616, 37947328, 37956300, 37964916, 37970903, 37961346, 37961556, 37971420, 37970675, 37971646, 37971684, 37982180, 37986137, 37988414, 37983102, 37984839, 38002442, 37995299, 37996230, 38010570, 38016329, 38017248, 38019841, 38025397, 38018826, 38023064, 38025881, 38029315, 38053257, 38043176, 38050176, 38051118, 38055286, 38066380, 38069136, 38064301, 38057095, 38057999, 38058916, 38073652, 38072341, 38073267, 38074011, 38078274, 38079002, 38079477, 38071714, 38082526, 38091325, 38094200, 38089374, 38089393, 38088307, 38097834, 38097838, 38097853, 38097875, 38098519, 38102447, 38090447, 38093341, 38098880, 38119392, 38104578, 38105124, 38105242, 38105511, 38116438, 38116649, 38105263, 38111345, 38106672, 38108874, 38113551, 38116843, 38119919, 38125467, 38128588, 38133529, 38133523, 38124645, 38130361, 38125928, 38126878, 38126893, 38134527, 38135180, 38135463, 38135550, 38136738, 38139124, 38152669, 38153101, 38163049, 38166426, 38165606, 38170737, 38179629, 38184442, 38185562, 38188578, 38194660, 38211639, 38204554, 38199431, 38209798, 38212445, 38214110, 38214350, 38220902, 38215739, 38216622, 38219426, 38221695, 38223232, 38224293, 38223184, 38223673, 38247552, 38245879, 38243947, 38238489, 38246949, 38249520, 38249689, 38249713, 38255727, 38253865, 38260731, 38255506, 38256497, 38265078, 38273052, 38265282, 38282502, 38282752, 38282936, 38288093, 38289602, 38291296, 38295882, 38291031, 38309429, 38312411, 38314765, 38316617, 38316786, 38317484, 38319125, 38314022, 38314084, 38317734, 38324952, 38329437, 38341048, 38351232, 38351509, 38359714, 38351049, 38351251, 38354699, 38363365, 38361828, 38384851, 38385071, 38372379, 38372033, 38381999, 38395089, 38395155, 38399218, 38388326, 38386593, 38387302, 38394620, 38399977, 38402619, 38402648, 38409600, 38411743, 38407308, 38409178, 38421552, 38431613, 38446222, 38433887, 38439407, 38441131, 38443852, 38458879, 38455204, 38449368, 38465766, 38461835, 38461868, 38476755, 38477210, 38479768, 38482326, 38486626, 38492057, 38500847, 38501132, 38510474, 38522312, 38526238, 38538373, 38530001, 38530396, 38532930, 38540320, 38540375, 38549065, 38550628, 38576121, 38591957, 38585228, 38590735, 38582121, 38582203, 38587262, 38591936, 38624671, 38631124, 38635577, 38630232, 38634764, 38635535, 38636072, 38636303, 38640162, 38644383, 38659976, 38670844, 38670121, 38679662, 38680797, 38690413, 38683177, 38694141, 38701378, 38703175, 38703201, 38721614, 38724266, 38741459, 38740515, 38734024, 38738973, 38741736, 38746843, 38748395, 38753691, 38764216, 38762019, 38783811, 38783772, 38784472, 38792078, 38794831, 38808420, 38812097, 38812707, 38819428, 38818788, 38829622, 38842290, 38840489, 38844003, 38854056, 38855953, 38860506, 38861008, 38861580, 38886793, 38873530, 38879606, 38904544, 38906495, 38910719, 38914520, 38914802, 38921616, 38924312, 38928162, 38917922, 38925725, 38936364, 38932383, 38944844, 38941929, 38944999, 38957289, 38967483, 38967485, 38967996, 39008630, 39007970, 39004969, 39012397, 39010411, 39028413, 39019702, 39020466, 39021519, 39038178, 39048260, 39049286, 39054215, 39054284, 39054211, 39068607, 39067799, 39076858, 39074157, 39080014, 39102760, 39122652, 39133038, 39129936, 39130069, 39134505, 39136219, 39141946, 39145223, 39145235, 39143414, 39143665, 39143931, 39151656, 39155147, 39167792, 39167981, 39158379, 39164060, 39166097, 39168378, 39169100, 39173772, 39170173, 39174940, 39177684, 39181190, 39190564, 39187595, 39193828, 39193531, 39197074, 39210827, 39211902, 39208832, 39215295, 39216008, 39217464, 39230297, 39230787, 39222132, 39225971, 39227191, 39227393, 39219111, 39230993, 39226404, 39242807, 39242461, 39238439, 39245348, 39260370, 39260925, 39261071, 39251903, 39266115, 39265858, 39266144, 39274612, 39264615, 39277076, 39277490, 39278938, 39286198, 39286677, 39279114, 39299968, 39300247, 39291626, 39301955, 39304543, 39293625, 39292490, 39292552, 39295099, 39295069, 39313330, 39306502, 39308373, 39307045, 39305826, 39305854, 39305875, 39309535, 39308039, 39308388, 39316167, 39329018, 39331833, 39331919, 39334246, 39335500, 39337183, 39338434, 39351816, 39346340, 39347995, 39347434, 39347511, 39353221, 39353344, 39356509, 39363151, 39372122, 39375395, 39385786, 39384655, 39396786, 39409697, 39401504, 39406262, 39422266, 39433617, 39448131, 39440423, 39446211, 39462419, 39458146, 39459720, 39466212, 39472695, 39489102, 39486290, 39485116, 39505065, 39509938, 39510325, 39511052, 39507042, 39509400, 39501064, 39505588, 39503080, 39503082, 39505726, 39528325, 39524502, 39524806, 39521120, 39518326, 39521912, 39543021, 39547205, 39567377, 39568119, 39582376, 39572068, 39578866, 39582807, 39595390, 39607126, 39602772, 39604284, 39620140, 39626605, 39627132, 39627133, 39627398, 39631703, 39641947, 39645558, 39644483, 39651231, 39645983, 39644037, 39670635, 39658857, 39662029, 39666446, 39672502, 39695243, 39698074, 39701387, 39703389, 39704062, 39708296, 39713472, 39720499, 39720504, 39725526, 39736104, 39730771, 39734917, 39735360, 39739242, 39744608, 39745758, 39747076, 39760882, 39773812, 39766760, 39766964, 39770638, 39780984, 39791606, 39786582, 39788312, 39804720, 39804721, 39809839, 39811774, 39812979, 39813030, 39825680, 39833122, 39833140, 39829620, 39830852, 39832381, 39832888, 39848023, 39857523, 39848940, 39856498, 39862596, 39870433, 39870710, 39863974, 39864023, 39867125, 39871768, 39876846, 39878716, 39879653, 39882268, 39893288, 39893204, 39918995, 39930453, 39923776, 39935621, 39935641, 39939084, 39957544, 39965205, 39965350, 39973288, 39974996, 39977534, 39981934, 39983874, 40000695, 40018373, 40019532, 40035368, 40033385, 40026001, 40028969, 40048375, 40042644, 40064886, 40064753, 40068838, 40086282, 40073179, 40077189, 40089032, 40090187, 40105935, 40104770, 40137109, 40130963, 40137121, 40137493, 40137812, 40137207, 40142012, 40154040, 40146312, 40150822, 40151677, 40159359, 40159280, 40159953, 40174502, 40175387, 40181042, 40177772, 40200650, 40200684, 40200769, 40214832, 40213217, 40212965, 40223418, 40229448, 40223772, 40219028, 40229560, 40230644, 40232285, 40235713, 40238660, 40257293, 40261220, 40278461, 40278291, 40293258, 40299015, 40285026, 40294222, 40325722, 40325942, 40335754, 40343808, 40344078, 40344582, 40345171, 40349285, 40352732, 40360545, 40368462, 40365982, 40386426, 40393771, 40433054, 40426213, 40448054, 40442980, 40454816, 40453003, 40462136, 40470440, 40479473, 40479827, 40498724, 40499581, 40499593, 40508002, 40502936, 40500013, 40508084, 40511657, 40502606, 40525715, 40529907, 40517457, 40529112, 40538038, 40543478, 40547729, 40544883, 40551554, 40556258, 40554156, 40554606, 40565746, 40569238, 40578136, 40597413, 40587295, 40597985, 40583914, 40589256, 40591219, 40592239, 40597304, 40598706, 40601741, 40604343, 40609329, 40613183, 40614500, 40614536, 40623418, 40626968, 40616772, 40624194, 40635256, 40678279, 40671064, 40673932, 40681952, 40683272, 40688130, 40705724, 40699416, 40707092, 40706444, 40706675, 40718651, 40718531, 40726212, 40725297, 40743965, 40732388, 40734468, 40742766, 40746691, 40739793, 40747055, 40737722, 40755066, 40751852, 40748096, 40752808, 40755548, 40759372, 40763363, 40763244, 40766992, 40766882, 40767810, 40774003, 40775827, 40779513, 40781415, 40781905, 40789983, 40790362, 40792666, 40790279, 40791681, 40809760, 40798811, 40819273, 40825004, 40822789, 40826088, 40827216, 40836782, 40838132, 40838486, 40842694, 40843395, 40843460, 40845794, 40845872, 40860306, 40848044, 40856166, 40859954, 40850038, 40854795, 40859010, 40862204, 40862218, 40862226, 40863118, 40864293, 40864592, 40865009, 40870221, 40872008, 40873493, 40887624, 40881682, 40886093, 40906230, 40910599, 40917919, 40910068, 40920031, 40912819, 40920112, 40920276, 40929685, 40925550, 40938477, 40946501, 40951596, 40955793, 40956361, 40959790, 40960081, 40966783, 40968517, 40979634, 40986728, 40984187, 40986170, 40988271, 40989300, 40988585, 40989049, 40992275, 41005575, 41015569, 41016985, 41022041, 41017990, 41020427, 41024840, 41034310, 41024928, 41027208, 41037372, 41044036, 41051601, 41041743, 41057716, 41058438, 41061119, 41069235, 41088591, 41088750, 41091365, 41104603, 41105260, 41110341, 41122419, 41137648, 41132733, 41136506, 41127007, 41140809, 41147424, 41147611, 41154121, 41150326, 41151987, 41166944, 41164800, 41167770, 41167895, 41159135, 41162356, 41163824, 41172177, 41179391, 41190535, 41188039, 41189526, 41189540, 41203916, 41212741, 41213797, 41217501, 41217502, 41220459, 41228131, 41228227, 41224035, 41225019, 41225070, 41225591, 41236310, 41242561, 41247302, 41239280, 41234996, 41255138, 41254904, 41256732, 41256454, 41260216, 41266083, 41277267, 41288934, 41285441, 41290116, 41292185, 41292406, 41291700, 41299990, 41303137, 41298203, 41301030, 41309015, 41315341, 41329131, 41330901, 41336072, 41353272, 41349624, 41369753, 41372421, 41373181, 41410501, 41416686, 41417738, 41418445, 41428627, 41436331, 41443227, 41466500, 41484980, 41491024, 41491025, 41491028, 41485650, 41480640, 41480854, 41500045, 41500932, 41494700, 41494922, 41505007, 41527017, 41521022, 41541314, 41577842, 41592625, 41593151, 41593728, 41617659, 41625336, 41621060, 41619424, 41627069, 41627830, 41640979, 41636523, 41639940, 41649583, 41693070, 41698473, 41716941, 41720735, 41721287, 41722100, 41717831, 41728887, 41729067, 41729332, 41733278, 41730766, 41735887, 41738710, 41747323, 41738476, 41758259, 41761489, 41758512, 41770892, 41775114, 41779446, 41793884, 41797721, 41804969, 41809419, 41818399, 41818817, 41832368, 41838198, 41832970, 41840635, 41840604, 41840682, 41841723, 41841837, 41843455, 41846937, 41849311, 41866436, 41866192, 41872258, 41870605, 41866507, 41867499, 41874280, 41890208, 41886900, 41889406, 41891105, 41900044, 41900735, 41921346, 41910714, 41911075, 41911103, 41911109, 41911139, 41911149, 41918773, 41938298, 41939078, 41939776)
)

, email AS (
SELECT
  base.*,
  aggregated_emails
FROM
  base
LEFT JOIN
  `tvlk-cxp-gcp-prod.prod_cx_L3.fact_case_interaction_email_prompt` email
ON
  email.case_number = base.case_number
WHERE
  email.created_date_utcp7 BETWEEN "2024-01-11" AND "2025-03-17"
)

SELECT
  case_number,
  origin,
  CASE
    WHEN origin = 'mail' THEN aggregated_emails
    WHEN origin = 'message' THEN conversation
    ELSE 'unidentified'
  END AS interaction
FROM
  email